0.8 0
0.2 1
0 0
0 0
0 0
0 0
0 0
0 0
0 0
0 0
0 0
0 0
1 0.3333
0 0.6667
0 0
0 0
0 0
0 0
0 0
0 0
0 0
0 0
0 0
0 0
0.45 0
0.55 0.7083
0 0.2917
0 0
0 0
0 0
0 0
0 0
0 0
0 0
0 0
0 0
1 0
0 1
0 0
0 0
0 0
0 0
0 0
0 0
0 0
0 0
0 0
0 0
1 0.4167
0 0.5833
0 0
0 0
0 0
0 0
0 0
0 0
0 0
0 0
0 0
0 0
0.6 0
0.4 0.8333
0 0.1667
0 0
0 0
0 0
0 0
0 0
0 0
0 0
0 0
0 0
1 0.125
0 0.875
0 0
0 0
0 0
0 0
0 0
0 0
0 0
0 0
0 0
0 0
0.15 0
0.85 0.4583
0 0.5417
0 0
0 0
0 0
0 0
0 0
0 0
0 0
0 0
0 0
0.7 0
0.3 0.9583
0 0.0417
0 0
0 0
0 0
0 0
0 0
0 0
0 0
0 0
0 0
1 0.25
0 0.75
0 0
0 0
0 0
0 0
0 0
0 0
0 0
0 0
0 0
0 0
0.35 0
0.65 0.625
0 0.375
0 0
0 0
0 0
0 0
0 0
0 0
0 0
0 0
0 0
0.9 0
0.1 1
0 0
0 0
0 0
0 0
0 0
0 0
0 0
0 0
0 0
0 0
1 0.375
0 0.625
0 0
0 0
0 0
0 0
0 0
0 0
0 0
0 0
0 0
0 0
0.55 0
0.45 0.7917
0 0.2083
0 0
0 0
0 0
0 0
0 0
0 0
0 0
0 0
0 0
1 0.0417
0 0.9583
0 0
0 0
0 0
0 0
0 0
0 0
0 0
0 0
0 0
0 0
0.1 0
0.9 0.4167
0 0.5833
0 0
0 0
0 0
0 0
0 0
0 0
0 0
0 0
0 0
0.65 0
0.35 0.9167
0 0.0833
0 0
0 0
0 0
0 0
0 0
0 0
0 0
0 0
0 0
1 0.1667
0 0.8333
0 0
0 0
0 0
0 0
0 0
0 0
0 0
0 0
0 0
0 0
0.25 0
0.75 0.5417
0 0.4583
0 0
0 0
0 0
0 0
0 0
0 0
0 0
0 0
0 0
0.8 0
0.2 1
0 0
0 0
0 0
0 0
0 0
0 0
0 0
0 0
0 0
0 0
1 0.2917
0 0.7083
0 0
0 0
0 0
0 0
0 0
0 0
0 0
0 0
0 0
0 0
0.45 0
0.55 0.7083
0 0.2917
0 0
0 0
0 0
0 0
0 0
0 0
0 0
0 0
0 0
1 0
0 1
0 0
0 0
0 0
0 0
0 0
0 0
0 0
0 0
0 0
0 0
1 0.4167
0 0.5833
0 0
0 0
0 0
0 0
0 0
0 0
0 0
0 0
0 0
0 0
0.55 0
0.45 0.8333
0 0.1667
0 0
0 0
0 0
0 0
0 0
0 0
0 0
0 0
0 0
1 0.125
0 0.875
0 0
0 0
0 0
0 0
0 0
0 0
0 0
0 0
0 0
0 0
0.2 0
0.8 0.5
0 0.5
0 0
0 0
0 0
0 0
0 0
0 0
0 0
0 0
0 0
0.75 0
0.25 0.9583
0 0.0417
0 0
0 0
0 0
0 0
0 0
0 0
0 0
0 0
0 0
1 0.25
0 0.75
0 0
0 0
0 0
0 0
0 0
0 0
0 0
0 0
0 0
0 0
0.4 0
0.6 0.6667
0 0.3333
0 0
0 0
0 0
0 0
0 0
0 0
0 0
0 0
0 0
0.9 0
0.1 1
0 0
0 0
0 0
0 0
0 0
0 0
0 0
0 0
0 0
0 0
1 0.375
0 0.625
0 0
0 0
0 0
0 0
0 0
0 0
0 0
0 0
0 0
0 0
0.5 0
0.5 0.7917
0 0.2083
0 0
0 0
0 0
0 0
0 0
0 0
0 0
0 0
0 0
1 0.0417
0 0.9583
0 0
0 0
0 0
0 0
0 0
0 0
0 0
0 0
0 0
0 0
0.1 0
0.9 0.4167
0 0.5833
0 0
0 0
0 0
0 0
0 0
0 0
0 0
0 0
0 0
0.65 0
0.35 0.875
0 0.125
0 0
0 0
0 0
0 0
0 0
0 0
0 0
0 0
0 0
1 0.1667
0 0.8333
0 0
0 0
0 0
0 0
0 0
0 0
0 0
0 0
0 0
0 0
0.3 0
0.7 0.5833
0 0.4167
0 0
0 0
0 0
0 0
0 0
0 0
0 0
0 0
0 0
0.85 0
0.15 1
0 0
0 0
0 0
0 0
0 0
0 0
0 0
0 0
0 0
0 0
1 0.3333
0 0.6667
0 0
0 0
0 0
0 0
0 0
0 0
0 0
0 0
0 0
0 0
0.45 0
0.55 0.75
0 0.25
0 0
0 0
0 0
0 0
0 0
0 0
0 0
0 0
0 0
1 0
0 1
0 0
0 0
0 0
0 0
0 0
0 0
0 0
0 0
0 0
0 0
1 0.4167
0 0.5833
0 0
0 0
0 0
0 0
0 0
0 0
0 0
0 0
0 0
0 0
0.55 0
0.45 0.7917
0 0.2083
0 0
0 0
0 0
0 0
0 0
0 0
0 0
0 0
0 0
1 0.0833
0 0.9167
0 0
0 0
0 0
0 0
0 0
0 0
0 0
0 0
0 0
0 0
0.2 0
0.8 0.5
0 0.5
0 0
0 0
0 0
0 0
0 0
0 0
0 0
0 0
0 0
0.75 0
0.25 0.9583
0 0.0417
0 0
0 0
0 0
0 0
0 0
0 0
0 0
0 0
0 0
1 0.25
0 0.75
0 0
0 0
0 0
0 0
0 0
0 0
0 0
0 0
0 0
0 0
0.35 0
0.65 0.6667
0 0.3333
0 0
0 0
0 0
0 0
0 0
0 0
0 0
0 0
0 0
0.95 0
0.05 1
0 0
0 0
0 0
0 0
0 0
0 0
0 0
0 0
0 0
0 0
1 0.375
0 0.625
0 0
0 0
0 0
0 0
0 0
0 0
0 0
0 0
0 0
0 0
0.5 0
0.5 0.75
0 0.25
0 0
0 0
0 0
0 0
0 0
0 0
0 0
0 0
0 0
1 0
0 1
0 0
0 0
0 0
0 0
0 0
0 0
0 0
0 0
0 0
0 0
0.1 0
0.9 0.4167
0 0.5833
0 0
0 0
0 0
0 0
0 0
0 0
0 0
0 0
0 0
0.65 0
0.35 0.875
0 0.125
0 0
0 0
0 0
0 0
0 0
0 0
0 0
0 0
0 0
1 0.1667
0 0.8333
0 0
0 0
0 0
0 0
0 0
0 0
0 0
0 0
0 0
0 0
0.3 0
0.7 0.625
0 0.375
0 0
0 0
0 0
0 0
0 0
0 0
0 0
0 0
0 0
0.85 0
0.15 1
0 0
0 0
0 0
0 0
0 0
0 0
0 0
0 0
0 0
0 0
1 0.3333
0 0.6667
0 0
0 0
0 0
0 0
0 0
0 0
0 0
0 0
0 0
0 0
0.45 0
0.55 0.7083
0 0.2917
0 0
0 0
0 0
0 0
0 0
0 0
0 0
0 0
0 0
0.95 0
0.05 1
0 0
0 0
0 0
0 0
0 0
0 0
0 0
0 0
0 0
0 0
1 0.4583
0 0.5417
0 0
0 0
0 0
0 0
0 0
0 0
0 0
0 0
0 0
0 0
0.6 0
0.4 0.8333
0 0.1667
0 0
0 0
0 0
0 0
0 0
0 0
0 0
0 0
0 0
1 0.125
0 0.875
0 0
0 0
0 0
0 0
0 0
0 0
0 0
0 0
0 0
0 0
0.2 0
0.8 0.5417
0 0.4583
0 0
0 0
0 0
0 0
0 0
0 0
0 0
0 0
0 0
0.8 0
0.2 1
0 0
0 0
0 0
0 0
0 0
0 0
0 0
0 0
0 0
0 0
1 0.25
0 0.75
0 0
0 0
0 0
0 0
0 0
0 0
0 0
0 0
0 0
0 0
0.35 0
0.65 0.625
0 0.375
0 0
0 0
0 0
0 0
0 0
0 0
0 0
0 0
0 0
0.9 0
0.1 1
0 0
0 0
0 0
0 0
0 0
0 0
0 0
0 0
0 0
0 0
1 0.375
0 0.625
0 0
0 0
0 0
0 0
0 0
0 0
0 0
0 0
0 0
0 0
0.5 0
0.5 0.75
0 0.25
0 0
0 0
0 0
0 0
0 0
0 0
0 0
0 0
0 0
1 0.0417
0 0.9583
0 0
0 0
0 0
0 0
0 0
0 0
0 0
0 0
0 0
0 0
0.1 0
0.9 0.4583
0 0.5417
0 0
0 0
0 0
0 0
0 0
0 0
0 0
0 0
0 0
0.7 0
0.3 0.9167
0 0.0833
0 0
0 0
0 0
0 0
0 0
0 0
0 0
0 0
0 0
1 0.2083
0 0.7917
0 0
0 0
0 0
0 0
0 0
0 0
0 0
0 0
0 0
0 0
0.3 0
0.7 0.5833
0 0.4167
0 0
0 0
0 0
0 0
0 0
0 0
0 0
0 0
0 0
0.8 0
0.2 1
0 0
0 0
0 0
0 0
0 0
0 0
0 0
0 0
0 0
0 0
1 0.3333
0 0.6667
0 0
0 0
0 0
0 0
0 0
0 0
0 0
0 0
0 0
0 0
0.45 0
0.55 0.7083
0 0.2917
0 0
0 0
0 0
0 0
0 0
0 0
0 0
0 0
0 0
0.95 0
0.05 1
0 0
0 0
0 0
0 0
0 0
0 0
0 0
0 0
0 0
0 0
1 0.4167
0 0.5833
0 0
0 0
0 0
0 0
0 0
0 0
0 0
0 0
0 0
0 0
0.6 0
0.4 0.8333
0 0.1667
0 0
0 0
0 0
0 0
0 0
0 0
0 0
0 0
0 0
1 0.125
0 0.875
0 0
0 0
0 0
0 0
0 0
0 0
0 0
0 0
0 0
0 0
0.2 0
0.8 0.5
0 0.5
0 0
0 0
0 0
0 0
0 0
0 0
0 0
0 0
0 0
0.75 0
0.25 1
0 0
0 0
0 0
0 0
0 0
0 0
0 0
0 0
0 0
0 0
1 0.25
0 0.75
0 0
0 0
0 0
0 0
0 0
0 0
0 0
0 0
0 0
0 0
0.35 0
0.65 0.625
0 0.375
0 0
0 0
0 0
0 0
0 0
0 0
0 0
0 0
0 0
0.9 0
0.1 1
0 0
0 0
0 0
0 0
0 0
0 0
0 0
0 0
0 0
0 0
1 0.3333
0 0.6667
0 0
0 0
0 0
0 0
0 0
0 0
0 0
0 0
0 0
0 0
0.55 0
0.45 0.7917
0 0.2083
0 0
0 0
0 0
0 0
0 0
0 0
0 0
0 0
0 0
1 0.0833
0 0.9167
0 0
0 0
0 0
0 0
0 0
0 0
0 0
0 0
0 0
0 0
0.15 0
0.85 0.4583
0 0.5417
0 0
0 0
0 0
0 0
0 0
0 0
0 0
0 0
0 0
0.7 0
0.3 0.9583
0 0.0417
0 0
0 0
0 0
0 0
0 0
0 0
0 0
0 0
0 0
1 0.2083
0 0.7917
0 0
0 0
0 0
0 0
0 0
0 0
0 0
0 0
0 0
0 0
0.3 0
0.7 0.5833
0 0.4167
0 0
0 0
0 0
0 0
0 0
0 0
0 0
0 0
0 0
0.8 0
0.2 1
0 0
0 0
0 0
0 0
0 0
0 0
0 0
0 0
0 0
0 0
1 0.2917
0 0.7083
0 0
0 0
0 0
0 0
0 0
0 0
0 0
0 0
0 0
0 0
0.45 0
0.55 0.7083
0 0.2917
0 0
0 0
0 0
0 0
0 0
0 0
0 0
0 0
0 0
1 0
0 1
0 0
0 0
0 0
0 0
0 0
0 0
0 0
0 0
0 0
0 0
1 0.4583
0 0.5417
0 0
0 0
0 0
0 0
0 0
0 0
0 0
0 0
0 0
0 0
0.6 0
0.4 0.8333
0 0.1667
0 0
0 0
0 0
0 0
0 0
0 0
0 0
0 0
0 0
